# Made in Blockbench 4.8.3
mtllib Wizard.mtl

o Head
v 0.3125 3.21875 0.328125
v 0.3125 3.21875 -0.296875
v 0.3125 2.59375 0.328125
v 0.3125 2.59375 -0.296875
v -0.3125 3.21875 0.328125
v -0.3125 3.21875 -0.296875
v -0.3125 2.59375 0.328125
v -0.3125 2.59375 -0.296875
vt 0.078125 1
vt 0 1
vt 0 0.921875
vt 0.078125 0.921875
vt 0.0859375 0.921875
vt 0.1640625 0.921875
vt 0.1640625 1
vt 0.0859375 1
vt 0.1640625 0.8359375
vt 0.1640625 0.9140625
vt 0.0859375 0.9140625
vt 0.0859375 0.8359375
vt 0.25 1
vt 0.171875 1
vt 0.171875 0.921875
vt 0.25 0.921875
vt 0 0.921875
vt 0 1
vt 0.078125 1
vt 0.078125 0.921875
vn 1 0 0
vn 0 1 0
vn 0 -1 0
vn 0 0 -1
vn -1 0 0
usemtl m_c380278d-1fd6-a570-889e-9c6e17b12e40
f 2/1/1 1/2/1 3/3/1 4/4/1
f 5/5/2 1/6/2 2/7/2 6/8/2
f 4/9/3 3/10/3 7/11/3 8/12/3
f 6/13/4 2/14/4 4/15/4 8/16/4
f 7/17/5 5/18/5 6/19/5 8/20/5
o Neck
v 0.1875 2.6875 0.15625
v 0.1875 2.6875 -0.15625
v 0.1875 2.5 0.15625
v 0.1875 2.5 -0.15625
v -0.1875 2.6875 -0.15625
v -0.1875 2.6875 0.15625
v -0.1875 2.5 -0.15625
v -0.1875 2.5 0.15625
vt 0.501 0.624
vt 0.546875 0.624
vt 0.546875 0.6015625
vt 0.501 0.6015625
vt 0.546875 0.59275
vt 0.5859375 0.59275
vt 0.5859375 0.5703125
vt 0.546875 0.5703125
vt 0.2578125 0.453125
vt 0.3046875 0.453125
vt 0.3046875 0.4296875
vt 0.2578125 0.4296875
vt 0.1171875 0.4453125
vt 0.15525 0.4453125
vt 0.15525 0.421875
vt 0.1171875 0.421875
vt 0.374 0.703125
vt 0.328125 0.703125
vt 0.328125 0.7421875
vt 0.374 0.7421875
vt 0.4765625 0.5859375
vt 0.4296875 0.5859375
vt 0.4296875 0.546875
vt 0.4765625 0.546875
vn 0 0 -1
vn 1 0 0
vn 0 0 1
vn -1 0 0
vn 0 1 0
vn 0 -1 0
usemtl m_c380278d-1fd6-a570-889e-9c6e17b12e40
f 12/24/6 15/23/6 13/22/6 10/21/6
f 11/28/7 12/27/7 10/26/7 9/25/7
f 16/32/8 11/31/8 9/30/8 14/29/8
f 15/36/9 16/35/9 14/34/9 13/33/9
f 14/40/10 9/39/10 10/38/10 13/37/10
f 15/44/11 12/43/11 11/42/11 16/41/11
o Face
v 0.3125 3.21875 0.328125
v 0.3125 2.59375 0.328125
v -0.3125 3.21875 0.328125
v -0.3125 2.59375 0.328125
vt 0.625 0.375
vt 0.625 1
vt 0 1
vt 0 0.375
vn 0 0 1
usemtl m_66b9d9a0-64cf-c986-402f-e37177382116
f 18/45/12 17/46/12 19/47/12 20/48/12
o cuboid
v 0.15625 2.7017391815447627 0.384939558844468
v 0.15625 2.6299860379763085 0.21171214649860176
v 0.15625 2.4418980630259632 0.49256927419714946
v 0.15625 2.370144919457509 0.3193418618512832
v -0.15625 2.7017391815447627 0.384939558844468
v -0.15625 2.6299860379763085 0.21171214649860176
v -0.15625 2.4418980630259632 0.49256927419714946
v -0.15625 2.370144919457509 0.3193418618512832
vt 0.171875 0.2578125
vt 0.1484375 0.2578125
vt 0.1484375 0.21875
vt 0.171875 0.21875
vt 0.4453125 0.7109375
vt 0.4453125 0.75
vt 0.40625 0.75
vt 0.40625 0.7109375
vt 0.3125 0.234375
vt 0.3125 0.2578125
vt 0.2734375 0.2578125
vt 0.2734375 0.234375
vt 0.71875 0.4453125
vt 0.6796875 0.4453125
vt 0.6796875 0.40625
vt 0.71875 0.40625
vt 0.7421875 0.6328125
vt 0.78125 0.6328125
vt 0.78125 0.65625
vt 0.7421875 0.65625
vt 0.4765625 0.21875
vt 0.4765625 0.2578125
vt 0.453125 0.2578125
vt 0.453125 0.21875
vn 1 0 0
vn 0 0.3826834323650897 0.9238795325112867
vn 0 -0.9238795325112867 0.3826834323650897
vn 0 -0.3826834323650897 -0.9238795325112867
vn 0 0.9238795325112867 -0.3826834323650897
vn -1 0 0
usemtl m_dde1de59-a94d-2808-4931-2b64c7f973d1
f 22/49/13 21/50/13 23/51/13 24/52/13
f 23/53/14 21/54/14 25/55/14 27/56/14
f 24/57/15 23/58/15 27/59/15 28/60/15
f 26/61/16 22/62/16 24/63/16 28/64/16
f 25/65/17 21/66/17 22/67/17 26/68/17
f 27/69/18 25/70/18 26/71/18 28/72/18
o cuboid
v 0.3426965243572265 2.982542127862927 -0.005009973035149107
v 0.33985602920862684 2.9735945897788914 -0.08571583186550616
v 0.31165743320039807 2.979224740547158 -0.0035497464926998387
v 0.30881693805179844 2.9702772024631225 -0.0842556053230569
v 0.3167767066656629 3.2141591379123353 -0.0297761663560515
v 0.31393621151706325 3.2052115998282997 -0.11048202518640854
v 0.2857376155088345 3.2108417505965665 -0.02831593981360224
v 0.28289712036023484 3.201894212512531 -0.10902179864395928
vt 0.6171875 0.265625
vt 0.609375 0.265625
vt 0.609375 0.2578125
vt 0.6171875 0.2578125
vt 0.1875 0.25
vt 0.1875 0.2578125
vt 0.1796875 0.2578125
vt 0.1796875 0.25
vt 0.1328125 0.171875
vt 0.1328125 0.1796875
vt 0.1015625 0.1796875
vt 0.1015625 0.171875
vt 0.765625 0.171875
vt 0.765625 0.1796875
vt 0.734375 0.1796875
vt 0.734375 0.171875
vt 0.8046875 0.1796875
vt 0.7734375 0.1796875
vt 0.7734375 0.171875
vt 0.8046875 0.171875
vt 0.8125 0.171875
vt 0.84375 0.171875
vt 0.84375 0.1796875
vt 0.8125 0.1796875
vn 0.11059122215067131 -0.9882325762108097 0.10566909150251691
vn -0.11059122215067131 0.9882325762108097 -0.10566909150251691
vn 0.0349599402904568 0.11012354564966964 0.9933028779120863
vn -0.9932509170185089 -0.10615639410460184 0.04672724935837641
vn -0.0349599402904568 -0.11012354564966964 -0.9933028779120863
vn 0.9932509170185089 0.10615639410460184 -0.04672724935837641
usemtl m_dde1de59-a94d-2808-4931-2b64c7f973d1
f 30/73/19 29/74/19 31/75/19 32/76/19
f 35/77/20 33/78/20 34/79/20 36/80/20
f 31/81/21 29/82/21 33/83/21 35/84/21
f 32/85/22 31/86/22 35/87/22 36/88/22
f 34/89/23 30/90/23 32/91/23 36/92/23
f 33/93/24 29/94/24 30/95/24 34/96/24
o cuboid
v -0.23036766072981646 2.7439938869135854 0.36131256975667647
v -0.2120618345539758 2.7406298057418126 0.23770601780294853
v -0.3298045518341748 2.4810175102906737 0.35374338712018905
v -0.31149872565833414 2.477653429118901 0.2301368351664611
v -0.05714024838395021 2.6777026261773464 0.3887713090204376
v -0.03883442220810951 2.6743385450055737 0.2651647570667097
v -0.15657713948830854 2.414726249554435 0.3812021263839502
v -0.13827131331246784 2.411362168382662 0.2575955744302223
vt 0.4375 0.9140625
vt 0.4375 0.953125
vt 0.421875 0.953125
vt 0.421875 0.9140625
vt 0.1484375 0.40625
vt 0.1328125 0.40625
vt 0.1328125 0.3671875
vt 0.1484375 0.3671875
vt 0.109375 0.2578125
vt 0.0859375 0.2578125
vt 0.0859375 0.21875
vt 0.109375 0.21875
vt 0.828125 0.25
vt 0.8046875 0.25
vt 0.8046875 0.234375
vt 0.828125 0.234375
vt 0.140625 0.21875
vt 0.140625 0.2578125
vt 0.1171875 0.2578125
vt 0.1171875 0.21875
vt 0 0.1875
vt 0 0.171875
vt 0.0234375 0.171875
vt 0.0234375 0.1875
vn -0.9238795325112867 0.35355339059327373 -0.1464466094067262
vn 0.9238795325112867 -0.35355339059327373 0.1464466094067262
vn -0.14644660940672546 0.026912649374181634 0.9888524156298231
vn -0.35355339059327406 -0.9350271168814639 -0.026912649374177502
vn 0.14644660940672546 -0.026912649374181634 -0.9888524156298231
vn 0.35355339059327406 0.9350271168814639 0.026912649374177502
usemtl m_dde1de59-a94d-2808-4931-2b64c7f973d1
f 39/97/25 37/98/25 38/99/25 40/100/25
f 42/101/26 41/102/26 43/103/26 44/104/26
f 41/105/27 37/106/27 39/107/27 43/108/27
f 43/109/28 39/110/28 40/111/28 44/112/28
f 40/113/29 38/114/29 42/115/29 44/116/29
f 38/117/30 37/118/30 41/119/30 42/120/30
o cuboid
v 0.23036766072981646 2.7439938869135854 0.36131256975667647
v 0.2120618345539758 2.7406298057418126 0.23770601780294853
v 0.3298045518341748 2.4810175102906737 0.35374338712018905
v 0.31149872565833414 2.477653429118901 0.2301368351664611
v 0.05714024838395021 2.6777026261773464 0.3887713090204376
v 0.03883442220810951 2.6743385450055737 0.2651647570667097
v 0.15657713948830854 2.414726249554435 0.3812021263839502
v 0.13827131331246784 2.411362168382662 0.2575955744302223
vt 0.6015625 0.2265625
vt 0.5859375 0.2265625
vt 0.5859375 0.1875
vt 0.6015625 0.1875
vt 0.53125 0.1640625
vt 0.53125 0.203125
vt 0.515625 0.203125
vt 0.515625 0.1640625
vt 0.5078125 0.21875
vt 0.5078125 0.2578125
vt 0.484375 0.2578125
vt 0.484375 0.21875
vt 0.8359375 0.984375
vt 0.8359375 1
vt 0.8125 1
vt 0.8125 0.984375
vt 0.390625 0.25
vt 0.3671875 0.25
vt 0.3671875 0.2109375
vt 0.390625 0.2109375
vt 0.8125 0.9609375
vt 0.8359375 0.9609375
vt 0.8359375 0.9765625
vt 0.8125 0.9765625
vn 0.9238795325112867 0.35355339059327373 -0.1464466094067262
vn -0.9238795325112867 -0.35355339059327373 0.1464466094067262
vn 0.14644660940672546 0.026912649374181634 0.9888524156298231
vn 0.35355339059327406 -0.9350271168814639 -0.026912649374177502
vn -0.14644660940672546 -0.026912649374181634 -0.9888524156298231
vn -0.35355339059327406 0.9350271168814639 0.026912649374177502
usemtl m_dde1de59-a94d-2808-4931-2b64c7f973d1
f 46/121/31 45/122/31 47/123/31 48/124/31
f 51/125/32 49/126/32 50/127/32 52/128/32
f 47/129/33 45/130/33 49/131/33 51/132/33
f 48/133/34 47/134/34 51/135/34 52/136/34
f 50/137/35 46/138/35 48/139/35 52/140/35
f 49/141/36 45/142/36 46/143/36 50/144/36
o cuboid
v -0.09073140553079596 2.80338325039634 0.4044846290547676
v -0.09073140553079596 2.80338325039634 0.2794846290547676
v -0.09073140553079596 2.74088325039634 0.4044846290547676
v -0.09073140553079596 2.74088325039634 0.2794846290547676
v 0.08114359446920404 2.80338325039634 0.4044846290547676
v 0.08114359446920404 2.80338325039634 0.2794846290547676
v 0.08114359446920404 2.74088325039634 0.4044846290547676
v 0.08114359446920404 2.74088325039634 0.2794846290547676
vt 0.1328125 0.9921875
vt 0.1328125 1
vt 0.1171875 1
vt 0.1171875 0.9921875
vt 0.2578125 0.6796875
vt 0.2421875 0.6796875
vt 0.2421875 0.671875
vt 0.2578125 0.671875
vt 0.140625 0.828125
vt 0.1171875 0.828125
vt 0.1171875 0.8203125
vt 0.140625 0.8203125
vt 0.140625 0.9296875
vt 0.1171875 0.9296875
vt 0.1171875 0.9140625
vt 0.140625 0.9140625
vt 0.0859375 0.6640625
vt 0.0859375 0.671875
vt 0.0625 0.671875
vt 0.0625 0.6640625
vt 0.65625 0.796875
vt 0.65625 0.78125
vt 0.6796875 0.78125
vt 0.6796875 0.796875
vn -1 0 0
vn 1 0 0
vn 0 0 1
vn 0 -1 0
vn 0 0 -1
vn 0 1 0
usemtl m_dde1de59-a94d-2808-4931-2b64c7f973d1
f 55/145/37 53/146/37 54/147/37 56/148/37
f 58/149/38 57/150/38 59/151/38 60/152/38
f 57/153/39 53/154/39 55/155/39 59/156/39
f 59/157/40 55/158/40 56/159/40 60/160/40
f 56/161/41 54/162/41 58/163/41 60/164/41
f 54/165/42 53/166/42 57/167/42 58/168/42
o cuboid
v 0.36313885367209486 2.8585143078596107 0.1612255543442761
v 0.3579029326730822 2.8803234883930093 0.05098402507443275
v 0.3163894318484016 2.8554937644936667 0.16284836114881202
v 0.31115351084938897 2.8773029450270653 0.05260683187896866
v 0.3463852316483467 3.1491284358846556 0.21951372095061408
v 0.34114931064933407 3.1709376164180543 0.10927219168077074
v 0.2996358098246535 3.1461078925187116 0.22113652775515
v 0.29439988882564083 3.1679170730521102 0.11089499848530665
vt 0.421875 0.15625
vt 0.40625 0.15625
vt 0.40625 0.1484375
vt 0.421875 0.1484375
vt 0.4453125 0.1484375
vt 0.4453125 0.15625
vt 0.4296875 0.15625
vt 0.4296875 0.1484375
vt 0.3203125 0.3515625
vt 0.3203125 0.359375
vt 0.28125 0.359375
vt 0.28125 0.3515625
vt 0.328125 0.1796875
vt 0.328125 0.1953125
vt 0.2890625 0.1953125
vt 0.2890625 0.1796875
vt 0.828125 0.578125
vt 0.7890625 0.578125
vt 0.7890625 0.5703125
vt 0.828125 0.5703125
vt 0.5390625 0.1796875
vt 0.578125 0.1796875
vt 0.578125 0.1953125
vt 0.5390625 0.1953125
vn 0.05643325313262537 -0.9789107470317301 -0.1963390875160859
vn -0.05643325313262537 0.9789107470317301 0.1963390875160859
vn 0.04654151999122369 -0.19385938251909962 0.9799247046208296
vn -0.9973209989054557 -0.06443825847346896 0.03461987849676626
vn -0.04654151999122369 0.19385938251909962 -0.9799247046208296
vn 0.9973209989054557 0.06443825847346896 -0.03461987849676626
usemtl m_dde1de59-a94d-2808-4931-2b64c7f973d1
f 62/169/43 61/170/43 63/171/43 64/172/43
f 67/173/44 65/174/44 66/175/44 68/176/44
f 63/177/45 61/178/45 65/179/45 67/180/45
f 64/181/46 63/182/46 67/183/46 68/184/46
f 66/185/47 62/186/47 64/187/47 68/188/47
f 65/189/48 61/190/48 62/191/48 66/192/48
o cuboid
v 0.36035507708736497 2.9806194565456674 0.08264134693600492
v 0.35959383428484176 2.966616691169913 0.034648190431903404
v 0.298022514655774 2.976592065391076 0.0848050893420528
v 0.2972612718532508 2.962589300015321 0.0368119328379513
v 0.3525295813942792 3.0853808810551624 0.05219966207956336
v 0.351768338591756 3.071378115679408 0.004206505575461858
v 0.29019701896268824 3.0813534899005703 0.05436340448561125
v 0.289435776160165 3.067350724524816 0.006370247981509744
vt 0.734375 0.8203125
vt 0.7265625 0.8203125
vt 0.7265625 0.8125
vt 0.734375 0.8125
vt 0.734375 0.6484375
vt 0.734375 0.65625
vt 0.7265625 0.65625
vt 0.7265625 0.6484375
vt 0.2578125 0.1484375
vt 0.2578125 0.15625
vt 0.2421875 0.15625
vt 0.2421875 0.1484375
vt 0.28125 0.1484375
vt 0.28125 0.15625
vt 0.265625 0.15625
vt 0.265625 0.1484375
vt 0.3046875 0.15625
vt 0.2890625 0.15625
vt 0.2890625 0.1484375
vt 0.3046875 0.1484375
vt 0.3125 0.1484375
vt 0.328125 0.1484375
vt 0.328125 0.15625
vt 0.3125 0.15625
vn 0.07154738919392697 -0.9578187383725247 0.2783239758303228
vn -0.07154738919392697 0.9578187383725247 -0.2783239758303228
vn 0.015224856050464499 0.2800553075150899 0.9598631300820295
vn -0.9973209989054554 -0.06443825847347033 0.03461987849676623
vn -0.015224856050464499 -0.2800553075150899 -0.9598631300820295
vn 0.9973209989054554 0.06443825847347033 -0.03461987849676623
usemtl m_dde1de59-a94d-2808-4931-2b64c7f973d1
f 70/193/49 69/194/49 71/195/49 72/196/49
f 75/197/50 73/198/50 74/199/50 76/200/50
f 71/201/51 69/202/51 73/203/51 75/204/51
f 72/205/52 71/206/52 75/207/52 76/208/52
f 74/209/53 70/210/53 72/211/53 76/212/53
f 73/213/54 69/214/54 70/215/54 74/216/54
o cuboid
v 0.3555918617130419 2.955244836688418 -0.1273042750633916
v 0.3454321833256319 2.9889561040325288 -0.26667569928341717
v 0.2935136793993851 2.948610062056881 -0.12438382197849304
v 0.28335400101197505 2.982321329400991 -0.26375524619851864
v 0.3340376230591638 3.1817212422397096 -0.07095276089013575
v 0.3238779446717538 3.21543250958382 -0.21032418511016132
v 0.271959440745507 3.175086467608172 -0.06803230780523722
v 0.261799762358097 3.2087977349522827 -0.2074037320252628
vt 0.234375 0.34375
vt 0.2421875 0.34375
vt 0.2421875 0.3359375
vt 0.234375 0.3359375
vt 0.0859375 0.265625
vt 0.0859375 0.2734375
vt 0.09375 0.2734375
vt 0.09375 0.265625
vt 0.8203125 0.9453125
vt 0.8203125 0.953125
vt 0.8515625 0.953125
vt 0.8515625 0.9453125
vt 0.0625 0.171875
vt 0.0625 0.1796875
vt 0.09375 0.1796875
vt 0.09375 0.171875
vt 0.8203125 0.9375
vt 0.8515625 0.9375
vt 0.8515625 0.9296875
vt 0.8203125 0.9296875
vt 0.8515625 0.9140625
vt 0.8203125 0.9140625
vt 0.8203125 0.921875
vt 0.8515625 0.921875
vn 0.09196475158987996 -0.9662993303521767 -0.2404331271392249
vn -0.09196475158987996 0.9662993303521767 0.2404331271392249
vn 0.07067602356459148 -0.23451316413294135 0.9695403424001775
vn -0.9932509170185091 -0.10615639410459973 0.046727249358376716
vn -0.07067602356459148 0.23451316413294135 -0.9695403424001775
vn 0.9932509170185091 0.10615639410459973 -0.046727249358376716
usemtl m_dde1de59-a94d-2808-4931-2b64c7f973d1
f 78/217/55 77/218/55 79/219/55 80/220/55
f 83/221/56 81/222/56 82/223/56 84/224/56
f 79/225/57 77/226/57 81/227/57 83/228/57
f 80/229/58 79/230/58 83/231/58 84/232/58
f 82/233/59 78/234/59 80/235/59 84/236/59
f 81/237/60 77/238/60 78/239/60 82/240/60
o cuboid
v -0.3712719969855912 2.988085282738815 0.3407354994687313
v -0.38132226021047694 2.9462229236388504 0.23679905206121152
v -0.32476250719723265 2.9827326427333962 0.33839408331627907
v -0.3348127704221184 2.9408702836334317 0.2344576359087593
v -0.3563342517736806 3.146405854199212 0.2755244877802334
v -0.3663845149985663 3.1045434950992474 0.17158804037271363
v -0.30982476198532205 3.1410532141937932 0.2731830716277812
v -0.3198750252102078 3.0991908550938287 0.16924662422026143
vt 0.859375 0.7890625
vt 0.859375 0.796875
vt 0.84375 0.796875
vt 0.84375 0.7890625
vt 0.234375 0.15625
vt 0.21875 0.15625
vt 0.21875 0.1484375
vt 0.234375 0.1484375
vt 0.859375 0.5859375
vt 0.8359375 0.5859375
vt 0.8359375 0.578125
vt 0.859375 0.578125
vt 0.8359375 0.8359375
vt 0.8125 0.8359375
vt 0.8125 0.8203125
vt 0.8359375 0.8203125
vt 0.6328125 0.15625
vt 0.6328125 0.1640625
vt 0.609375 0.1640625
vt 0.609375 0.15625
vt 0.8125 0.8125
vt 0.8125 0.796875
vt 0.8359375 0.796875
vt 0.8359375 0.8125
vn -0.08691051759657083 -0.9211378703150364 0.3794095225512604
vn 0.08691051759657083 0.9211378703150364 -0.3794095225512604
vn 0.08933567311009515 0.37210985866635193 0.923879532511287
vn 0.9922024488183159 -0.11418965344893053 -0.049950211252313824
vn -0.08933567311009515 -0.37210985866635193 -0.923879532511287
vn -0.9922024488183159 0.11418965344893053 0.049950211252313824
usemtl m_dde1de59-a94d-2808-4931-2b64c7f973d1
f 87/241/61 85/242/61 86/243/61 88/244/61
f 90/245/62 89/246/62 91/247/62 92/248/62
f 89/249/63 85/250/63 87/251/63 91/252/63
f 91/253/64 87/254/64 88/255/64 92/256/64
f 88/257/65 86/258/65 90/259/65 92/260/65
f 86/261/66 85/262/66 89/263/66 90/264/66
o cuboid
v -0.37872199427999265 2.8595211556482583 0.16068461874276413
v -0.37348607328097994 2.8813303361816573 0.050443089472920775
v -0.3008062912405039 2.8544869167050186 0.163389296750324
v -0.29557037024149124 2.8762960972384173 0.05314776748048063
v -0.36196837225624445 3.150135283673303 0.2189727853491021
v -0.3567324512572318 3.1719444642067023 0.10873125607925876
v -0.28405266921675576 3.1451010447300636 0.22167746335666197
v -0.27881674821774305 3.166910225263462 0.11143593408681862
vt 0.859375 0.7734375
vt 0.859375 0.78125
vt 0.84375 0.78125
vt 0.84375 0.7734375
vt 0.859375 0.765625
vt 0.84375 0.765625
vt 0.84375 0.7578125
vt 0.859375 0.7578125
vt 0.40625 1
vt 0.3671875 1
vt 0.3671875 0.9921875
vt 0.40625 0.9921875
vt 0.234375 0.1953125
vt 0.1953125 0.1953125
vt 0.1953125 0.1796875
vt 0.234375 0.1796875
vt 0.671875 0.3984375
vt 0.671875 0.40625
vt 0.6328125 0.40625
vt 0.6328125 0.3984375
vt 0.2421875 0.1953125
vt 0.2421875 0.1796875
vt 0.28125 0.1796875
vt 0.28125 0.1953125
vn -0.05643325313262537 -0.9789107470317301 -0.1963390875160859
vn 0.05643325313262537 0.9789107470317301 0.1963390875160859
vn -0.04654151999122369 -0.19385938251909962 0.9799247046208296
vn 0.9973209989054557 -0.06443825847346896 0.03461987849676626
vn 0.04654151999122369 0.19385938251909962 -0.9799247046208296
vn -0.9973209989054557 0.06443825847346896 -0.03461987849676626
usemtl m_dde1de59-a94d-2808-4931-2b64c7f973d1
f 95/265/67 93/266/67 94/267/67 96/268/67
f 98/269/68 97/270/68 99/271/68 100/272/68
f 97/273/69 93/274/69 95/275/69 99/276/69
f 99/277/70 95/278/70 96/279/70 100/280/70
f 96/281/71 94/282/71 98/283/71 100/284/71
f 94/285/72 93/286/72 97/287/72 98/288/72
o cuboid
v -0.34477193647946724 2.9796126087570194 0.08318228253751689
v -0.344010693676944 2.965609843381265 0.03518912603341538
v -0.31360565526367173 2.977598913179724 0.08426415374054083
v -0.3128444124611485 2.963596147803969 0.036270997236439326
v -0.3369464407863815 3.0843740332665144 0.052740597681075335
v -0.3361851979838582 3.07037126789076 0.0047474411769738295
v -0.30578015957058596 3.0823603376892184 0.05382246888409928
v -0.30501891676806275 3.068357572313464 0.0058293123799977725
vt 0.3359375 0.4296875
vt 0.3359375 0.4375
vt 0.328125 0.4375
vt 0.328125 0.4296875
vt 0.6484375 0.875
vt 0.640625 0.875
vt 0.640625 0.8671875
vt 0.6484375 0.8671875
vt 0.1875 0.15625
vt 0.171875 0.15625
vt 0.171875 0.1484375
vt 0.1875 0.1484375
vt 0.859375 0.828125
vt 0.84375 0.828125
vt 0.84375 0.8203125
vt 0.859375 0.8203125
vt 0.859375 0.8046875
vt 0.859375 0.8125
vt 0.84375 0.8125
vt 0.84375 0.8046875
vt 0.1953125 0.15625
vt 0.1953125 0.1484375
vt 0.2109375 0.1484375
vt 0.2109375 0.15625
vn -0.07154738919392697 -0.9578187383725247 0.2783239758303228
vn 0.07154738919392697 0.9578187383725247 -0.2783239758303228
vn -0.015224856050464499 0.2800553075150899 0.9598631300820295
vn 0.9973209989054554 -0.06443825847347033 0.03461987849676623
vn 0.015224856050464499 -0.2800553075150899 -0.9598631300820295
vn -0.9973209989054554 0.06443825847347033 -0.03461987849676623
usemtl m_dde1de59-a94d-2808-4931-2b64c7f973d1
f 103/289/73 101/290/73 102/291/73 104/292/73
f 106/293/74 105/294/74 107/295/74 108/296/74
f 105/297/75 101/298/75 103/299/75 107/300/75
f 107/301/76 103/302/76 104/303/76 108/304/76
f 104/305/77 102/306/77 106/307/77 108/308/77
f 102/309/78 101/310/78 105/311/78 106/312/78
o cuboid
v -0.3606743449082943 2.9087293311591895 -0.12494456506560428
v -0.35170552024770574 2.9302059024244183 -0.2667979385570274
v -0.2985961625946375 2.9020945565276524 -0.12202411198070573
v -0.28962733793404893 2.9235711277928806 -0.26387748547212886
v -0.33164750481150784 3.2005756957645097 -0.07892383445803935
v -0.3226786801509193 3.2220522670297385 -0.22077720794946248
v -0.26956932249785104 3.1939409211329726 -0.07600338137314083
v -0.26060049783726247 3.215417492398201 -0.21785675486456396
vt 0.2421875 0.3359375
vt 0.2421875 0.34375
vt 0.234375 0.34375
vt 0.234375 0.3359375
vt 0.09375 0.2734375
vt 0.0859375 0.2734375
vt 0.0859375 0.265625
vt 0.09375 0.265625
vt 0.8515625 0.953125
vt 0.8203125 0.953125
vt 0.8203125 0.9453125
vt 0.8515625 0.9453125
vt 0.09375 0.1796875
vt 0.0625 0.1796875
vt 0.0625 0.171875
vt 0.09375 0.171875
vt 0.8515625 0.9296875
vt 0.8515625 0.9375
vt 0.8203125 0.9375
vt 0.8203125 0.9296875
vt 0.8203125 0.921875
vt 0.8203125 0.9140625
vt 0.8515625 0.9140625
vt 0.8515625 0.921875
vn -0.09777461927338595 -0.9830614386705524 -0.1550171978360081
vn 0.09777461927338595 0.9830614386705524 0.1550171978360081
vn -0.06239182372583338 -0.1494022348885469 0.9868060764620739
vn 0.9932509170185091 -0.1061563941045999 0.046727249358376556
vn 0.06239182372583338 0.1494022348885469 -0.9868060764620739
vn -0.9932509170185091 0.1061563941045999 -0.046727249358376556
usemtl m_dde1de59-a94d-2808-4931-2b64c7f973d1
f 111/313/79 109/314/79 110/315/79 112/316/79
f 114/317/80 113/318/80 115/319/80 116/320/80
f 113/321/81 109/322/81 111/323/81 115/324/81
f 115/325/82 111/326/82 112/327/82 116/328/82
f 112/329/83 110/330/83 114/331/83 116/332/83
f 110/333/84 109/334/84 113/335/84 114/336/84
o cuboid
v 0.2210166273562703 2.7454233508171217 0.39823462905476764
v 0.2210166273562703 2.7454233508171217 0.28573462905476765
v 0.200668617702698 2.6863284398421645 0.39823462905476764
v 0.200668617702698 2.6863284398421645 0.28573462905476765
v 0.058505622175137745 2.801380377364446 0.39823462905476764
v 0.058505622175137745 2.801380377364446 0.28573462905476765
v 0.03815761252156545 2.7422854663894882 0.39823462905476764
v 0.03815761252156545 2.7422854663894882 0.28573462905476765
vt 0.1640625 0.15625
vt 0.1484375 0.15625
vt 0.1484375 0.1484375
vt 0.1640625 0.1484375
vt 0.859375 0.8359375
vt 0.859375 0.84375
vt 0.84375 0.84375
vt 0.84375 0.8359375
vt 0.859375 0.703125
vt 0.859375 0.7109375
vt 0.8359375 0.7109375
vt 0.8359375 0.703125
vt 0.8359375 0.8671875
vt 0.8359375 0.8828125
vt 0.8125 0.8828125
vt 0.8125 0.8671875
vt 0.859375 0.6953125
vt 0.8359375 0.6953125
vt 0.8359375 0.6875
vt 0.859375 0.6875
vt 0.8125 0.84375
vt 0.8359375 0.84375
vt 0.8359375 0.859375
vt 0.8125 0.859375
vn 0.9455185755993168 -0.3255681544571567 0
vn -0.9455185755993168 0.3255681544571567 0
vn 0 0 1
vn -0.3255681544571567 -0.9455185755993168 0
vn 0 0 -1
vn 0.3255681544571567 0.9455185755993168 0
usemtl m_dde1de59-a94d-2808-4931-2b64c7f973d1
f 118/337/85 117/338/85 119/339/85 120/340/85
f 123/341/86 121/342/86 122/343/86 124/344/86
f 119/345/87 117/346/87 121/347/87 123/348/87
f 120/349/88 119/350/88 123/351/88 124/352/88
f 122/353/89 118/354/89 120/355/89 124/356/89
f 121/357/90 117/358/90 118/359/90 122/360/90
o cuboid
v 0.3790235786169843 2.9889773894063847 0.34112573549414
v 0.38907384184187 2.94711503030642 0.2371892880866202
v 0.3170109255658396 2.9818405360658264 0.3380038472908704
v 0.3270611887907253 2.939978176965862 0.2340673998833506
v 0.36408583340507367 3.1472979608667817 0.27591472380564214
v 0.3741360966299594 3.105435601766817 0.17197827639812233
v 0.30207318035392894 3.1401611075262235 0.2727928356023725
v 0.31212344357881466 3.098298748426259 0.1688563881948527
vt 0.46875 0.15625
vt 0.453125 0.15625
vt 0.453125 0.1484375
vt 0.46875 0.1484375
vt 0.5234375 0.1484375
vt 0.5234375 0.15625
vt 0.5078125 0.15625
vt 0.5078125 0.1484375
vt 0.859375 0.375
vt 0.859375 0.3828125
vt 0.8359375 0.3828125
vt 0.8359375 0.375
vt 0.8359375 0.7734375
vt 0.8359375 0.7890625
vt 0.8125 0.7890625
vt 0.8125 0.7734375
vt 0.859375 0.3671875
vt 0.8359375 0.3671875
vt 0.8359375 0.359375
vt 0.859375 0.359375
vt 0.8125 0.75
vt 0.8359375 0.75
vt 0.8359375 0.765625
vt 0.8125 0.765625
vn 0.08691051759657083 -0.9211378703150364 0.3794095225512604
vn -0.08691051759657083 0.9211378703150364 -0.3794095225512604
vn -0.08933567311009515 0.37210985866635193 0.923879532511287
vn -0.9922024488183159 -0.11418965344893053 -0.049950211252313824
vn 0.08933567311009515 -0.37210985866635193 -0.923879532511287
vn 0.9922024488183159 0.11418965344893053 0.049950211252313824
usemtl m_dde1de59-a94d-2808-4931-2b64c7f973d1
f 126/361/91 125/362/91 127/363/91 128/364/91
f 131/365/92 129/366/92 130/367/92 132/368/92
f 127/369/93 125/370/93 129/371/93 131/372/93
f 128/373/94 127/374/94 131/375/94 132/376/94
f 130/377/95 126/378/95 128/379/95 132/380/95
f 129/381/96 125/382/96 126/383/96 130/384/96
o cuboid
v -0.2210166273562703 2.7454233508171217 0.39823462905476764
v -0.2210166273562703 2.7454233508171217 0.28573462905476765
v -0.200668617702698 2.6863284398421645 0.39823462905476764
v -0.200668617702698 2.6863284398421645 0.28573462905476765
v -0.058505622175137745 2.801380377364446 0.39823462905476764
v -0.058505622175137745 2.801380377364446 0.28573462905476765
v -0.03815761252156545 2.7422854663894882 0.39823462905476764
v -0.03815761252156545 2.7422854663894882 0.28573462905476765
vt 0.859375 0.8671875
vt 0.859375 0.875
vt 0.84375 0.875
vt 0.84375 0.8671875
vt 0.859375 0.859375
vt 0.84375 0.859375
vt 0.84375 0.8515625
vt 0.859375 0.8515625
vt 0.4296875 0.1875
vt 0.40625 0.1875
vt 0.40625 0.1796875
vt 0.4296875 0.1796875
vt 0.0546875 0.1875
vt 0.03125 0.1875
vt 0.03125 0.171875
vt 0.0546875 0.171875
vt 0.859375 0.71875
vt 0.859375 0.7265625
vt 0.8359375 0.7265625
vt 0.8359375 0.71875
vt 0.8125 0.90625
vt 0.8125 0.890625
vt 0.8359375 0.890625
vt 0.8359375 0.90625
vn -0.9455185755993168 -0.3255681544571567 0
vn 0.9455185755993168 0.3255681544571567 0
vn 0 0 1
vn 0.3255681544571567 -0.9455185755993168 0
vn 0 0 -1
vn -0.3255681544571567 0.9455185755993168 0
usemtl m_dde1de59-a94d-2808-4931-2b64c7f973d1
f 135/385/97 133/386/97 134/387/97 136/388/97
f 138/389/98 137/390/98 139/391/98 140/392/98
f 137/393/99 133/394/99 135/395/99 139/396/99
f 139/397/100 135/398/100 136/399/100 140/400/100
f 136/401/101 134/402/101 138/403/101 140/404/101
f 134/405/102 133/406/102 137/407/102 138/408/102
o cuboid
v -0.3659758427248478 2.9850301683497538 -0.0061051429419860526
v -0.36313534757624816 2.976082630265718 -0.0868110017723431
v -0.28837811483277676 2.9767367000603318 -0.002454576585862893
v -0.2855376196841771 2.967789161976296 -0.08316043541621995
v -0.3400560250332842 3.216647178399162 -0.030871336262888446
v -0.33721552988468456 3.2076996403151266 -0.11157719509324548
v -0.26245829714121316 3.20835371010974 -0.02722076990676528
v -0.25961780199261353 3.1994061720257045 -0.10792662873712233
vt 0.609375 0.2578125
vt 0.609375 0.265625
vt 0.6171875 0.265625
vt 0.6171875 0.2578125
vt 0.1796875 0.2578125
vt 0.1875 0.2578125
vt 0.1875 0.25
vt 0.1796875 0.25
vt 0.1015625 0.1796875
vt 0.1328125 0.1796875
vt 0.1328125 0.171875
vt 0.1015625 0.171875
vt 0.734375 0.1796875
vt 0.765625 0.1796875
vt 0.765625 0.171875
vt 0.734375 0.171875
vt 0.7734375 0.171875
vt 0.7734375 0.1796875
vt 0.8046875 0.1796875
vt 0.8046875 0.171875
vt 0.84375 0.1796875
vt 0.84375 0.171875
vt 0.8125 0.171875
vt 0.8125 0.1796875
vn -0.11059122215067131 -0.9882325762108097 0.10566909150251691
vn 0.11059122215067131 0.9882325762108097 -0.10566909150251691
vn -0.0349599402904568 0.11012354564966964 0.9933028779120863
vn 0.9932509170185089 -0.10615639410460184 0.04672724935837641
vn 0.0349599402904568 -0.11012354564966964 -0.9933028779120863
vn -0.9932509170185089 0.10615639410460184 -0.04672724935837641
usemtl m_dde1de59-a94d-2808-4931-2b64c7f973d1
f 143/409/103 141/410/103 142/411/103 144/412/103
f 146/413/104 145/414/104 147/415/104 148/416/104
f 145/417/105 141/418/105 143/419/105 147/420/105
f 147/421/106 143/422/106 144/423/106 148/424/106
f 144/425/107 142/426/107 146/427/107 148/428/107
f 142/429/108 141/430/108 145/431/108 146/432/108
o cuboid
v -0.3233181535641433 2.911472866788226 -0.36749540454393564
v -0.24343226252842176 2.905679457278854 -0.3811425038579126
v -0.313689031273975 2.9009205383923793 -0.30664987578999026
v -0.23380314023825344 2.895127128883008 -0.32029697510396726
v -0.2881803997627696 3.2647605713104557 -0.3117860990716199
v -0.20829450872704802 3.258967161801084 -0.32543319838559687
v -0.2785512774726013 3.254208242914609 -0.2509405703176745
v -0.19866538643687973 3.248414833405237 -0.2645876696316515
vt 0.2421875 0.3359375
vt 0.2421875 0.34375
vt 0.234375 0.34375
vt 0.234375 0.3359375
vt 0.09375 0.2734375
vt 0.0859375 0.2734375
vt 0.0859375 0.265625
vt 0.09375 0.265625
vt 0.8515625 0.953125
vt 0.8203125 0.953125
vt 0.8203125 0.9453125
vt 0.8515625 0.9453125
vt 0.09375 0.1796875
vt 0.0625 0.1796875
vt 0.0625 0.171875
vt 0.09375 0.171875
vt 0.8515625 0.9296875
vt 0.8515625 0.9375
vt 0.8203125 0.9375
vt 0.8203125 0.9296875
vt 0.8203125 0.921875
vt 0.8203125 0.9140625
vt 0.8515625 0.9140625
vt 0.8515625 0.921875
vn -0.09777461927338768 -0.9830614386705522 -0.15501719783600915
vn 0.09777461927338768 0.9830614386705522 0.15501719783600915
vn -0.9832109665934956 0.07130350165380528 0.1679642992489471
vn 0.15406595664269285 -0.1688372543335447 0.9735284600631262
vn 0.9832109665934956 -0.07130350165380528 -0.1679642992489471
vn -0.15406595664269285 0.1688372543335447 -0.9735284600631262
usemtl m_dde1de59-a94d-2808-4931-2b64c7f973d1
f 151/433/109 149/434/109 150/435/109 152/436/109
f 154/437/110 153/438/110 155/439/110 156/440/110
f 153/441/111 149/442/111 151/443/111 155/444/111
f 155/445/112 151/446/112 152/447/112 156/448/112
f 152/449/113 150/450/113 154/451/113 156/452/113
f 150/453/114 149/454/114 153/455/114 154/456/114
o cuboid
v -0.1694059912624215 2.8508822878027322 -0.3583663526793849
v -0.02878067477962712 2.8806634041313277 -0.35707485187156346
v -0.16902453630292813 2.8484121963393787 -0.3429425475303126
v -0.028399219820133728 2.878193312667974 -0.34165104672249125
v -0.2562808645378955 3.258180308246978 -0.29098983925987604
v -0.11565554805510112 3.287961424575573 -0.2896983384520546
v -0.25589940957840207 3.2557102167836245 -0.2755660341108038
v -0.11527409309560771 3.28549133311222 -0.2742745333029824
vt 0.2421875 0.3359375
vt 0.2421875 0.34375
vt 0.234375 0.34375
vt 0.234375 0.3359375
vt 0.09375 0.2734375
vt 0.0859375 0.2734375
vt 0.0859375 0.265625
vt 0.09375 0.265625
vt 0.8515625 0.953125
vt 0.8203125 0.953125
vt 0.8203125 0.9453125
vt 0.8515625 0.9453125
vt 0.09375 0.1796875
vt 0.0625 0.1796875
vt 0.0625 0.171875
vt 0.09375 0.171875
vt 0.8515625 0.9296875
vt 0.8515625 0.9375
vt 0.8203125 0.9375
vt 0.8203125 0.9296875
vt 0.8203125 0.921875
vt 0.8203125 0.9140625
vt 0.8515625 0.9140625
vt 0.8515625 0.921875
vn 0.20592562554186428 -0.9654471595715453 -0.15970729106846537
vn -0.20592562554186428 0.9654471595715453 0.15970729106846537
vn -0.9782630711846563 -0.20717298315544608 -0.008984353445713954
vn 0.024413117407577564 -0.15808585365461658 0.987123529540622
vn 0.9782630711846563 0.20717298315544608 0.008984353445713954
vn -0.024413117407577564 0.15808585365461658 -0.987123529540622
usemtl m_dde1de59-a94d-2808-4931-2b64c7f973d1
f 159/457/115 157/458/115 158/459/115 160/460/115
f 162/461/116 161/462/116 163/463/116 164/464/116
f 161/465/117 157/466/117 159/467/117 163/468/117
f 163/469/118 159/470/118 160/471/118 164/472/118
f 160/473/119 158/474/119 162/475/119 164/476/119
f 158/477/120 157/478/120 161/479/120 162/480/120
o cuboid
v -0.02169469038620235 2.8356168419050434 -0.36446421601334117
v 0.05814168588226348 2.821149649395359 -0.36875558703059175
v -0.021313235426708946 2.83314675044169 -0.34904041086426896
v 0.05852314084175686 2.818679557932006 -0.3533317818815195
v 0.05597865614254258 3.245358100434525 -0.3007659591871005
v 0.1358150324110084 3.230890907924841 -0.305057330204351
v 0.05636011110203598 3.242888008971172 -0.28534215403802826
v 0.13619648737050177 3.2284208164614876 -0.2896335250552788
vt 0.2421875 0.3359375
vt 0.2421875 0.34375
vt 0.234375 0.34375
vt 0.234375 0.3359375
vt 0.09375 0.2734375
vt 0.0859375 0.2734375
vt 0.0859375 0.265625
vt 0.09375 0.265625
vt 0.8515625 0.953125
vt 0.8203125 0.953125
vt 0.8203125 0.9453125
vt 0.8515625 0.9453125
vt 0.09375 0.1796875
vt 0.0625 0.1796875
vt 0.0625 0.171875
vt 0.09375 0.171875
vt 0.8515625 0.9296875
vt 0.8515625 0.9375
vt 0.8203125 0.9375
vt 0.8203125 0.9296875
vt 0.8203125 0.921875
vt 0.8203125 0.9140625
vt 0.8515625 0.9140625
vt 0.8515625 0.921875
vn -0.18411459917924725 -0.9712385387365501 -0.15098846062516305
vn 0.18411459917924725 0.9712385387365501 0.15098846062516305
vn -0.9826015540734246 0.1780577539653439 0.052816874058468244
vn 0.02441311740757778 -0.15808585365461503 0.9871235295406223
vn 0.9826015540734246 -0.1780577539653439 -0.052816874058468244
vn -0.02441311740757778 0.15808585365461503 -0.9871235295406223
usemtl m_dde1de59-a94d-2808-4931-2b64c7f973d1
f 167/481/121 165/482/121 166/483/121 168/484/121
f 170/485/122 169/486/122 171/487/122 172/488/122
f 169/489/123 165/490/123 167/491/123 171/492/123
f 171/493/124 167/494/124 168/495/124 172/496/124
f 168/497/125 166/498/125 170/499/125 172/500/125
f 166/501/126 165/502/126 169/503/126 170/504/126
o cuboid
v 0.16790617780002803 2.8991181880735533 -0.36689814010333033
v 0.31057634011911256 2.9166902402736685 -0.36761246868494457
v 0.1686690877190148 2.894178005146846 -0.3360505298051859
v 0.3113392500380993 2.9117500573469615 -0.3367648583868002
v 0.11733147719929393 3.312483824568566 -0.2994476705036386
v 0.2600016395183785 3.3300558767686814 -0.3001619990852529
v 0.11809438711828069 3.307543641641859 -0.26860006020549415
v 0.2607645494373652 3.3251156938419744 -0.26931438878710845
vt 0.2421875 0.3359375
vt 0.2421875 0.34375
vt 0.234375 0.34375
vt 0.234375 0.3359375
vt 0.09375 0.2734375
vt 0.0859375 0.2734375
vt 0.0859375 0.265625
vt 0.09375 0.265625
vt 0.8515625 0.953125
vt 0.8203125 0.953125
vt 0.8203125 0.9453125
vt 0.8515625 0.9453125
vt 0.09375 0.1796875
vt 0.0625 0.1796875
vt 0.0625 0.171875
vt 0.09375 0.171875
vt 0.8515625 0.9296875
vt 0.8515625 0.9375
vt 0.8203125 0.9375
vt 0.8203125 0.9296875
vt 0.8203125 0.921875
vt 0.8203125 0.9140625
vt 0.8515625 0.9140625
vt 0.8515625 0.921875
vn 0.11988077179433253 -0.9798296568770678 -0.15988259460667667
vn -0.11988077179433253 0.9798296568770678 0.15988259460667667
vn -0.9924880856979792 -0.12224036313123599 0.0049692423068822544
vn 0.02441311740757563 -0.1580858536546245 0.9871235295406207
vn 0.9924880856979792 0.12224036313123599 -0.0049692423068822544
vn -0.02441311740757563 0.1580858536546245 -0.9871235295406207
usemtl m_dde1de59-a94d-2808-4931-2b64c7f973d1
f 175/505/127 173/506/127 174/507/127 176/508/127
f 178/509/128 177/510/128 179/511/128 180/512/128
f 177/513/129 173/514/129 175/515/129 179/516/129
f 179/517/130 175/518/130 176/519/130 180/520/130
f 176/521/131 174/522/131 178/523/131 180/524/131
f 174/525/132 173/526/132 177/527/132 178/528/132
o Left_Upper_Arm
o Left_Elbow
v -0.3828125 1.875 0.1328125
v -0.3828125 1.875 -0.1328125
v -0.3828125 1.6875 0.1328125
v -0.3828125 1.6875 -0.1328125
v -0.5859375 1.875 0.1328125
v -0.5859375 1.875 -0.1328125
v -0.5859375 1.6875 0.1328125
v -0.5859375 1.6875 -0.1328125
vt 0.515625 0.4453125
vt 0.484375 0.4453125
vt 0.484375 0.421875
vt 0.515625 0.421875
vt 0.5859375 0.484375
vt 0.5859375 0.5078125
vt 0.5546875 0.5078125
vt 0.5546875 0.484375
vt 0.5234375 0.4140625
vt 0.546875 0.4140625
vt 0.546875 0.4453125
vt 0.5234375 0.4453125
vt 0.578125 0.4453125
vt 0.578125 0.4765625
vt 0.5546875 0.4765625
vt 0.5546875 0.4453125
vt 0.4609375 0.8515625
vt 0.4609375 0.875
vt 0.4375 0.875
vt 0.4375 0.8515625
vt 0.5078125 0.4140625
vt 0.484375 0.4140625
vt 0.484375 0.390625
vt 0.5078125 0.390625
vn 1 0 0
vn -1 0 0
vn 0 1 0
vn 0 -1 0
vn 0 0 1
vn 0 0 -1
usemtl m_c380278d-1fd6-a570-889e-9c6e17b12e40
f 182/529/133 181/530/133 183/531/133 184/532/133
f 187/533/134 185/534/134 186/535/134 188/536/134
f 185/537/135 181/538/135 182/539/135 186/540/135
f 184/541/136 183/542/136 187/543/136 188/544/136
f 183/545/137 181/546/137 185/547/137 187/548/137
f 186/549/138 182/550/138 184/551/138 188/552/138
o Left_Lower_Arm
v -0.375 1.75 0.140625
v -0.375 1.6875 -0.140625
v -0.59375 1.75 0.140625
v -0.59375 1.6875 -0.140625
v -0.59375 1.375 0.140625
v -0.59375 1.375 -0.140625
v -0.375 1.375 -0.140625
v -0.375 1.375 0.140625
vt 0.4375 0.9296875
vt 0.4375 0.8828125
vt 0.4765625 0.8828125
vt 0.4765625 0.921875
vt 0.5390625 0.890625
vt 0.5078125 0.890625
vt 0.5078125 0.8515625
vt 0.5390625 0.8515625
vt 0.390625 0.84375
vt 0.390625 0.796875
vt 0.421875 0.796875
vt 0.421875 0.84375
vt 0.5 0.671875
vt 0.5 0.6328125
vt 0.53125 0.6328125
vt 0.53125 0.671875
vt 0.453125 0.6875
vt 0.453125 0.6484375
vt 0.4921875 0.6484375
vt 0.4921875 0.6953125
vt 0.5390625 0.9609375
vt 0.5390625 1
vt 0.5078125 1
vt 0.5078125 0.9609375
vn 1 0 0
vn 0 0.9761870601839527 -0.21693045781865616
vn 0 0 1
vn 0 0 -1
vn -1 0 0
vn 0 -1 0
usemtl m_c380278d-1fd6-a570-889e-9c6e17b12e40
f 189/553/139 196/554/139 195/555/139 190/556/139
f 191/557/140 189/558/140 190/559/140 192/560/140
f 191/561/141 193/562/141 196/563/141 189/564/141
f 190/565/142 195/566/142 194/567/142 192/568/142
f 192/569/143 194/570/143 193/571/143 191/572/143
f 195/573/144 196/574/144 193/575/144 194/576/144
o Left_Hand
v -0.3515625 1.0625 0.1640625
v -0.3515625 1.0625 -0.1640625
v -0.6171875 1.0625 0.1640625
v -0.6171875 1.0625 -0.1640625
v -0.6171875 1.375 0.1640625
v -0.6171875 1.375 -0.1640625
v -0.3515625 1.375 -0.1640625
v -0.3515625 1.375 0.1640625
vt 0.171875 0.453125
vt 0.171875 0.4921875
vt 0.140625 0.4921875
vt 0.140625 0.453125
vt 0.5078125 0.7109375
vt 0.5078125 0.75
vt 0.46875 0.75
vt 0.46875 0.7109375
vt 0.5390625 0.8046875
vt 0.5390625 0.84375
vt 0.5078125 0.84375
vt 0.5078125 0.8046875
vt 0.515625 0.5
vt 0.515625 0.5390625
vt 0.4765625 0.5390625
vt 0.4765625 0.5
vt 0.5390625 0.7578125
vt 0.5390625 0.796875
vt 0.5078125 0.796875
vt 0.5078125 0.7578125
vt 0.5078125 0.453125
vt 0.5078125 0.4921875
vt 0.4765625 0.4921875
vt 0.4765625 0.453125
vn 0 -1 0
vn -1 0 0
vn 0 0 -1
vn 1 0 0
vn 0 0 1
vn 0 1 0
usemtl m_c380278d-1fd6-a570-889e-9c6e17b12e40
f 198/577/145 197/578/145 199/579/145 200/580/145
f 199/581/146 201/582/146 202/583/146 200/584/146
f 200/585/147 202/586/147 203/587/147 198/588/147
f 198/589/148 203/590/148 204/591/148 197/592/148
f 197/593/149 204/594/149 201/595/149 199/596/149
f 204/597/150 203/598/150 202/599/150 201/600/150
o Right_Hand
v 0.3515625 1.0625 0.1640625
v 0.3515625 1.0625 -0.1640625
v 0.6171875 1.0625 0.1640625
v 0.6171875 1.0625 -0.1640625
v 0.6171875 1.375 0.1640625
v 0.6171875 1.375 -0.1640625
v 0.3515625 1.375 -0.1640625
v 0.3515625 1.375 0.1640625
vt 0.140625 0.4921875
vt 0.171875 0.4921875
vt 0.171875 0.453125
vt 0.140625 0.453125
vt 0.46875 0.75
vt 0.5078125 0.75
vt 0.5078125 0.7109375
vt 0.46875 0.7109375
vt 0.5078125 0.84375
vt 0.5390625 0.84375
vt 0.5390625 0.8046875
vt 0.5078125 0.8046875
vt 0.4765625 0.5390625
vt 0.515625 0.5390625
vt 0.515625 0.5
vt 0.4765625 0.5
vt 0.5078125 0.796875
vt 0.5390625 0.796875
vt 0.5390625 0.7578125
vt 0.5078125 0.7578125
vt 0.4765625 0.4921875
vt 0.5078125 0.4921875
vt 0.5078125 0.453125
vt 0.4765625 0.453125
vn 0 -1 0
vn 1 0 0
vn 0 0 -1
vn -1 0 0
vn 0 0 1
vn 0 1 0
usemtl m_c380278d-1fd6-a570-889e-9c6e17b12e40
f 207/601/151 205/602/151 206/603/151 208/604/151
f 210/605/152 209/606/152 207/607/152 208/608/152
f 211/609/153 210/610/153 208/611/153 206/612/153
f 212/613/154 211/614/154 206/615/154 205/616/154
f 209/617/155 212/618/155 205/619/155 207/620/155
f 210/621/156 211/622/156 212/623/156 209/624/156
o Right_Elbow
v 0.3828125 1.875 0.1328125
v 0.3828125 1.875 -0.1328125
v 0.3828125 1.6875 0.1328125
v 0.3828125 1.6875 -0.1328125
v 0.5859375 1.875 0.1328125
v 0.5859375 1.875 -0.1328125
v 0.5859375 1.6875 0.1328125
v 0.5859375 1.6875 -0.1328125
vt 0.484375 0.421875
